node	x (m)    	Temp. (K) 	Mobile (at/m3)	Trap 1 (at/m3)  	Trap 2 (at/m3)  	Trap 3 (at/m3)  	Trap 4 (at/m3)  	Trap 5 (at/m3)  
1	0.000000E+00	1.200000E+03	5.581900E+01	0.000000E+00	0.000000E+00	0.000000E+00	0.000000E+00	0.000000E+00
2	1.250000E-09	1.200000E+03	1.142900E+23	4.030000E+22	2.762100E+24	0.000000E+00	0.000000E+00	0.000000E+00
3	3.750000E-09	1.200000E+03	1.142900E+23	4.030100E+22	2.762200E+24	0.000000E+00	0.000000E+00	0.000000E+00
4	6.250000E-09	1.200000E+03	1.142900E+23	4.030100E+22	2.762200E+24	0.000000E+00	0.000000E+00	0.000000E+00
5	8.750000E-09	1.200000E+03	1.142900E+23	4.030100E+22	2.762200E+24	0.000000E+00	0.000000E+00	0.000000E+00
6	1.125000E-08	1.200000E+03	1.142900E+23	4.030100E+22	2.762200E+24	0.000000E+00	0.000000E+00	0.000000E+00
7	1.375000E-08	1.200000E+03	1.142900E+23	4.030100E+22	2.762200E+24	0.000000E+00	0.000000E+00	0.000000E+00
8	1.625000E-08	1.200000E+03	1.142900E+23	4.030100E+22	2.762200E+24	0.000000E+00	0.000000E+00	0.000000E+00
9	1.875000E-08	1.200000E+03	1.142900E+23	4.030100E+22	2.762200E+24	0.000000E+00	0.000000E+00	0.000000E+00
10	2.500000E-08	1.200000E+03	1.142900E+23	4.030100E+22	2.762200E+24	0.000000E+00	0.000000E+00	0.000000E+00
11	3.500000E-08	1.200000E+03	1.142900E+23	4.030200E+22	2.762200E+24	0.000000E+00	0.000000E+00	0.000000E+00
12	4.500000E-08	1.200000E+03	1.142900E+23	4.030200E+22	2.762300E+24	0.000000E+00	0.000000E+00	0.000000E+00
13	5.500000E-08	1.200000E+03	1.142900E+23	4.030200E+22	2.762300E+24	0.000000E+00	0.000000E+00	0.000000E+00
14	6.500000E-08	1.200000E+03	1.142900E+23	4.030300E+22	2.762300E+24	0.000000E+00	0.000000E+00	0.000000E+00
15	7.500000E-08	1.200000E+03	1.142900E+23	4.030300E+22	2.762400E+24	0.000000E+00	0.000000E+00	0.000000E+00
16	8.500000E-08	1.200000E+03	1.142900E+23	4.030300E+22	2.762400E+24	0.000000E+00	0.000000E+00	0.000000E+00
17	9.500000E-08	1.200000E+03	1.142900E+23	4.030400E+22	2.762400E+24	0.000000E+00	0.000000E+00	0.000000E+00
18	1.125000E-07	1.200000E+03	1.142900E+23	4.030400E+22	2.762500E+24	0.000000E+00	0.000000E+00	0.000000E+00
19	1.375000E-07	1.200000E+03	1.142900E+23	4.030500E+22	2.762600E+24	0.000000E+00	0.000000E+00	0.000000E+00
20	1.625000E-07	1.200000E+03	1.142900E+23	4.030600E+22	2.762600E+24	0.000000E+00	0.000000E+00	0.000000E+00
21	1.875000E-07	1.200000E+03	1.142900E+23	4.030700E+22	2.762700E+24	0.000000E+00	0.000000E+00	0.000000E+00
22	2.500000E-07	1.200000E+03	1.142900E+23	4.030900E+22	2.762900E+24	0.000000E+00	0.000000E+00	0.000000E+00
23	3.500000E-07	1.200000E+03	1.142900E+23	4.031300E+22	2.763200E+24	0.000000E+00	0.000000E+00	0.000000E+00
24	4.500000E-07	1.199900E+03	1.142900E+23	4.031600E+22	2.763500E+24	0.000000E+00	0.000000E+00	0.000000E+00
25	5.500000E-07	1.199900E+03	1.142900E+23	4.032000E+22	2.763800E+24	0.000000E+00	0.000000E+00	0.000000E+00
26	6.500000E-07	1.199900E+03	1.142900E+23	4.032300E+22	2.764100E+24	0.000000E+00	0.000000E+00	0.000000E+00
27	7.500000E-07	1.199900E+03	1.142900E+23	4.032700E+22	2.764400E+24	0.000000E+00	0.000000E+00	0.000000E+00
28	8.500000E-07	1.199900E+03	1.142900E+23	4.033000E+22	2.764700E+24	0.000000E+00	0.000000E+00	0.000000E+00
29	9.500000E-07	1.199900E+03	1.142900E+23	4.033400E+22	2.765000E+24	0.000000E+00	0.000000E+00	0.000000E+00
30	1.125000E-06	1.199800E+03	1.142900E+23	4.034000E+22	0.000000E+00	0.000000E+00	0.000000E+00	0.000000E+00
31	1.375000E-06	1.199800E+03	1.142900E+23	4.034900E+22	0.000000E+00	0.000000E+00	0.000000E+00	0.000000E+00
32	1.625000E-06	1.199800E+03	1.142900E+23	4.035800E+22	0.000000E+00	0.000000E+00	0.000000E+00	0.000000E+00
33	1.875000E-06	1.199700E+03	1.142900E+23	4.036700E+22	0.000000E+00	0.000000E+00	0.000000E+00	0.000000E+00
34	2.500000E-06	1.199700E+03	1.142900E+23	4.038900E+22	0.000000E+00	0.000000E+00	0.000000E+00	0.000000E+00
35	3.500000E-06	1.199500E+03	1.142900E+23	4.042400E+22	0.000000E+00	0.000000E+00	0.000000E+00	0.000000E+00
36	4.500000E-06	1.199400E+03	1.142800E+23	4.045900E+22	0.000000E+00	0.000000E+00	0.000000E+00	0.000000E+00
37	5.500000E-06	1.199300E+03	1.142800E+23	4.049500E+22	0.000000E+00	0.000000E+00	0.000000E+00	0.000000E+00
38	6.500000E-06	1.199100E+03	1.142800E+23	4.053000E+22	0.000000E+00	0.000000E+00	0.000000E+00	0.000000E+00
39	7.500000E-06	1.199000E+03	1.142800E+23	4.056600E+22	0.000000E+00	0.000000E+00	0.000000E+00	0.000000E+00
40	8.500000E-06	1.198900E+03	1.142800E+23	4.060200E+22	0.000000E+00	0.000000E+00	0.000000E+00	0.000000E+00
41	9.500000E-06	1.198700E+03	1.142800E+23	4.063700E+22	0.000000E+00	0.000000E+00	0.000000E+00	0.000000E+00
42	1.125000E-05	1.198500E+03	1.142800E+23	4.070000E+22	0.000000E+00	0.000000E+00	0.000000E+00	0.000000E+00
43	1.375000E-05	1.198100E+03	1.142800E+23	4.078900E+22	0.000000E+00	0.000000E+00	0.000000E+00	0.000000E+00
44	1.625000E-05	1.197800E+03	1.142800E+23	4.087900E+22	0.000000E+00	0.000000E+00	0.000000E+00	0.000000E+00
45	1.875000E-05	1.197500E+03	1.142800E+23	4.096800E+22	0.000000E+00	0.000000E+00	0.000000E+00	0.000000E+00
46	2.500000E-05	1.196600E+03	1.142700E+23	4.119400E+22	0.000000E+00	0.000000E+00	0.000000E+00	0.000000E+00
47	3.500000E-05	1.195300E+03	1.142700E+23	4.155800E+22	0.000000E+00	0.000000E+00	0.000000E+00	0.000000E+00
48	4.500000E-05	1.193900E+03	1.142600E+23	4.192600E+22	0.000000E+00	0.000000E+00	0.000000E+00	0.000000E+00
49	5.500000E-05	1.192600E+03	1.142500E+23	4.229800E+22	0.000000E+00	0.000000E+00	0.000000E+00	0.000000E+00
50	6.500000E-05	1.191200E+03	1.142500E+23	4.267400E+22	0.000000E+00	0.000000E+00	0.000000E+00	0.000000E+00
51	7.500000E-05	1.189900E+03	1.142400E+23	4.305400E+22	0.000000E+00	0.000000E+00	0.000000E+00	0.000000E+00
52	8.500000E-05	1.188500E+03	1.142400E+23	4.343800E+22	0.000000E+00	0.000000E+00	0.000000E+00	0.000000E+00
53	9.500000E-05	1.187200E+03	1.142300E+23	4.382700E+22	0.000000E+00	0.000000E+00	0.000000E+00	0.000000E+00
54	1.125000E-04	1.184800E+03	1.142200E+23	4.451600E+22	0.000000E+00	0.000000E+00	0.000000E+00	0.000000E+00
55	1.375000E-04	1.181500E+03	1.142000E+23	4.552500E+22	0.000000E+00	0.000000E+00	0.000000E+00	0.000000E+00
56	1.625000E-04	1.178100E+03	1.141900E+23	4.656200E+22	0.000000E+00	0.000000E+00	0.000000E+00	0.000000E+00
57	1.875000E-04	1.174700E+03	1.141700E+23	4.762800E+22	0.000000E+00	0.000000E+00	0.000000E+00	0.000000E+00
58	3.000000E-04	1.159600E+03	1.140900E+23	5.280900E+22	0.000000E+00	0.000000E+00	0.000000E+00	0.000000E+00
59	5.000000E-04	1.132900E+03	1.139500E+23	6.382000E+22	0.000000E+00	0.000000E+00	0.000000E+00	0.000000E+00
60	7.000000E-04	1.106400E+03	1.137900E+23	7.773300E+22	0.000000E+00	0.000000E+00	0.000000E+00	0.000000E+00
61	9.000000E-04	1.080000E+03	1.136200E+23	9.545900E+22	0.000000E+00	0.000000E+00	0.000000E+00	0.000000E+00
62	1.100000E-03	1.053700E+03	1.134300E+23	1.182500E+23	0.000000E+00	0.000000E+00	0.000000E+00	0.000000E+00
63	1.300000E-03	1.027700E+03	1.132100E+23	1.478100E+23	0.000000E+00	0.000000E+00	0.000000E+00	0.000000E+00
64	1.500000E-03	1.001800E+03	1.129800E+23	1.865500E+23	0.000000E+00	0.000000E+00	0.000000E+00	0.000000E+00
65	1.700000E-03	9.760700E+02	1.127100E+23	2.378300E+23	0.000000E+00	0.000000E+00	0.000000E+00	0.000000E+00
66	1.900000E-03	9.505600E+02	1.124000E+23	3.064100E+23	0.000000E+00	0.000000E+00	0.000000E+00	0.000000E+00
67	2.100000E-03	9.252300E+02	1.120600E+23	3.991400E+23	0.000000E+00	0.000000E+00	0.000000E+00	0.000000E+00
68	2.300000E-03	9.001000E+02	1.116700E+23	5.258900E+23	0.000000E+00	0.000000E+00	0.000000E+00	0.000000E+00
69	2.500000E-03	8.751700E+02	1.112200E+23	7.010600E+23	0.000000E+00	0.000000E+00	0.000000E+00	0.000000E+00
70	2.700000E-03	8.504400E+02	1.106900E+23	9.457300E+23	0.000000E+00	0.000000E+00	0.000000E+00	0.000000E+00
71	2.900000E-03	8.259100E+02	1.100800E+23	1.290800E+24	0.000000E+00	0.000000E+00	0.000000E+00	0.000000E+00
72	3.100000E-03	8.015800E+02	1.093600E+23	1.781200E+24	0.000000E+00	0.000000E+00	0.000000E+00	0.000000E+00
73	3.300000E-03	7.774700E+02	1.085100E+23	2.481700E+24	0.000000E+00	0.000000E+00	0.000000E+00	0.000000E+00
74	3.500000E-03	7.535700E+02	1.075000E+23	3.481600E+24	0.000000E+00	0.000000E+00	0.000000E+00	0.000000E+00
75	3.700000E-03	7.298800E+02	1.062700E+23	4.896400E+24	0.000000E+00	0.000000E+00	0.000000E+00	0.000000E+00
76	3.900000E-03	7.064000E+02	1.047700E+23	6.855700E+24	0.000000E+00	0.000000E+00	0.000000E+00	0.000000E+00
77	4.100000E-03	6.831400E+02	1.029100E+23	9.464500E+24	0.000000E+00	0.000000E+00	0.000000E+00	0.000000E+00
78	4.300000E-03	6.601000E+02	1.006000E+23	1.272600E+25	0.000000E+00	0.000000E+00	0.000000E+00	0.000000E+00
79	4.500000E-03	6.372700E+02	9.765500E+22	1.645700E+25	0.000000E+00	0.000000E+00	0.000000E+00	0.000000E+00
80	4.700000E-03	6.146600E+02	9.387200E+22	2.026700E+25	0.000000E+00	0.000000E+00	0.000000E+00	0.000000E+00
81	4.900000E-03	5.922700E+02	8.892400E+22	2.369100E+25	0.000000E+00	0.000000E+00	0.000000E+00	0.000000E+00
82	5.100000E-03	5.700900E+02	8.233600E+22	2.639400E+25	0.000000E+00	0.000000E+00	0.000000E+00	0.000000E+00
83	5.300000E-03	5.481400E+02	7.339200E+22	2.828800E+25	0.000000E+00	0.000000E+00	0.000000E+00	0.000000E+00
84	5.500000E-03	5.264000E+02	6.098400E+22	2.947700E+25	0.000000E+00	0.000000E+00	0.000000E+00	0.000000E+00
85	5.700000E-03	5.048700E+02	4.335400E+22	3.010900E+25	0.000000E+00	0.000000E+00	0.000000E+00	0.000000E+00
86	5.900000E-03	4.835700E+02	1.763400E+22	3.000600E+25	0.000000E+00	0.000000E+00	0.000000E+00	0.000000E+00
87	6.000000E-03	4.729900E+02	8.523100E+17	0.000000E+00	0.000000E+00	0.000000E+00	0.000000E+00	0.000000E+00
88	6.000000E-03	4.729800E+02	1.401600E+23	0.000000E+00	0.000000E+00	0.000000E+00	0.000000E+00	0.000000E+00
89	6.005000E-03	4.727900E+02	1.398400E+23	0.000000E+00	0.000000E+00	7.089100E+18	0.000000E+00	0.000000E+00
90	6.015000E-03	4.724000E+02	1.391700E+23	0.000000E+00	0.000000E+00	7.071500E+18	0.000000E+00	0.000000E+00
91	6.025000E-03	4.720200E+02	1.385100E+23	0.000000E+00	0.000000E+00	7.053600E+18	0.000000E+00	0.000000E+00
92	6.035000E-03	4.716300E+02	1.378400E+23	0.000000E+00	0.000000E+00	7.035300E+18	0.000000E+00	0.000000E+00
93	6.045000E-03	4.712500E+02	1.371600E+23	0.000000E+00	0.000000E+00	7.016700E+18	0.000000E+00	0.000000E+00
94	6.055000E-03	4.708600E+02	1.364800E+23	0.000000E+00	0.000000E+00	6.997700E+18	0.000000E+00	0.000000E+00
95	6.065000E-03	4.704800E+02	1.357900E+23	0.000000E+00	0.000000E+00	6.978300E+18	0.000000E+00	0.000000E+00
96	6.075000E-03	4.700900E+02	1.351000E+23	0.000000E+00	0.000000E+00	6.958600E+18	0.000000E+00	0.000000E+00
97	6.085000E-03	4.697100E+02	1.344000E+23	0.000000E+00	0.000000E+00	6.938400E+18	0.000000E+00	0.000000E+00
98	6.095000E-03	4.693200E+02	1.336900E+23	0.000000E+00	0.000000E+00	6.917900E+18	0.000000E+00	0.000000E+00
99	6.105000E-03	4.689400E+02	1.329800E+23	0.000000E+00	0.000000E+00	6.897000E+18	0.000000E+00	0.000000E+00
100	6.115000E-03	4.685500E+02	1.322700E+23	0.000000E+00	0.000000E+00	6.875600E+18	0.000000E+00	0.000000E+00
101	6.125000E-03	4.681700E+02	1.315500E+23	0.000000E+00	0.000000E+00	6.853900E+18	0.000000E+00	0.000000E+00
102	6.135000E-03	4.677800E+02	1.308200E+23	0.000000E+00	0.000000E+00	6.831800E+18	0.000000E+00	0.000000E+00
103	6.145000E-03	4.674000E+02	1.300900E+23	0.000000E+00	0.000000E+00	6.809200E+18	0.000000E+00	0.000000E+00
104	6.155000E-03	4.670100E+02	1.293500E+23	0.000000E+00	0.000000E+00	6.786300E+18	0.000000E+00	0.000000E+00
105	6.165000E-03	4.666300E+02	1.286100E+23	0.000000E+00	0.000000E+00	6.762900E+18	0.000000E+00	0.000000E+00
106	6.175000E-03	4.662400E+02	1.278600E+23	0.000000E+00	0.000000E+00	6.739000E+18	0.000000E+00	0.000000E+00
107	6.185000E-03	4.658600E+02	1.271000E+23	0.000000E+00	0.000000E+00	6.714800E+18	0.000000E+00	0.000000E+00
108	6.195000E-03	4.654700E+02	1.263400E+23	0.000000E+00	0.000000E+00	6.690100E+18	0.000000E+00	0.000000E+00
109	6.205000E-03	4.650900E+02	1.255700E+23	0.000000E+00	0.000000E+00	6.664900E+18	0.000000E+00	0.000000E+00
110	6.215000E-03	4.647000E+02	1.248000E+23	0.000000E+00	0.000000E+00	6.639300E+18	0.000000E+00	0.000000E+00
111	6.225000E-03	4.643200E+02	1.240200E+23	0.000000E+00	0.000000E+00	6.613200E+18	0.000000E+00	0.000000E+00
112	6.235000E-03	4.639300E+02	1.232300E+23	0.000000E+00	0.000000E+00	6.586700E+18	0.000000E+00	0.000000E+00
113	6.245000E-03	4.635500E+02	1.224400E+23	0.000000E+00	0.000000E+00	6.559600E+18	0.000000E+00	0.000000E+00
114	6.255000E-03	4.631700E+02	1.216400E+23	0.000000E+00	0.000000E+00	6.532100E+18	0.000000E+00	0.000000E+00
115	6.265000E-03	4.627800E+02	1.208400E+23	0.000000E+00	0.000000E+00	6.504200E+18	0.000000E+00	0.000000E+00
116	6.275000E-03	4.624000E+02	1.200200E+23	0.000000E+00	0.000000E+00	6.475700E+18	0.000000E+00	0.000000E+00
117	6.285000E-03	4.620100E+02	1.192100E+23	0.000000E+00	0.000000E+00	6.446700E+18	0.000000E+00	0.000000E+00
118	6.295000E-03	4.616300E+02	1.183800E+23	0.000000E+00	0.000000E+00	6.417200E+18	0.000000E+00	0.000000E+00
119	6.305000E-03	4.612400E+02	1.175500E+23	0.000000E+00	0.000000E+00	6.387200E+18	0.000000E+00	0.000000E+00
120	6.315000E-03	4.608600E+02	1.167100E+23	0.000000E+00	0.000000E+00	6.356600E+18	0.000000E+00	0.000000E+00
121	6.325000E-03	4.604700E+02	1.158600E+23	0.000000E+00	0.000000E+00	6.325600E+18	0.000000E+00	0.000000E+00
122	6.335000E-03	4.600900E+02	1.150100E+23	0.000000E+00	0.000000E+00	6.294000E+18	0.000000E+00	0.000000E+00
123	6.345000E-03	4.597100E+02	1.141500E+23	0.000000E+00	0.000000E+00	6.261800E+18	0.000000E+00	0.000000E+00
124	6.355000E-03	4.593200E+02	1.132900E+23	0.000000E+00	0.000000E+00	6.229100E+18	0.000000E+00	0.000000E+00
125	6.365000E-03	4.589400E+02	1.124100E+23	0.000000E+00	0.000000E+00	6.195900E+18	0.000000E+00	0.000000E+00
126	6.375000E-03	4.585500E+02	1.115300E+23	0.000000E+00	0.000000E+00	6.162000E+18	0.000000E+00	0.000000E+00
127	6.385000E-03	4.581700E+02	1.106400E+23	0.000000E+00	0.000000E+00	6.127600E+18	0.000000E+00	0.000000E+00
128	6.395000E-03	4.577900E+02	1.097500E+23	0.000000E+00	0.000000E+00	6.092600E+18	0.000000E+00	0.000000E+00
129	6.405000E-03	4.574000E+02	1.088400E+23	0.000000E+00	0.000000E+00	6.057100E+18	0.000000E+00	0.000000E+00
130	6.415000E-03	4.570200E+02	1.079300E+23	0.000000E+00	0.000000E+00	6.020900E+18	0.000000E+00	0.000000E+00
131	6.425000E-03	4.566300E+02	1.070200E+23	0.000000E+00	0.000000E+00	5.984100E+18	0.000000E+00	0.000000E+00
132	6.435000E-03	4.562500E+02	1.060900E+23	0.000000E+00	0.000000E+00	5.946700E+18	0.000000E+00	0.000000E+00
133	6.445000E-03	4.558700E+02	1.051600E+23	0.000000E+00	0.000000E+00	5.908700E+18	0.000000E+00	0.000000E+00
134	6.455000E-03	4.554800E+02	1.042200E+23	0.000000E+00	0.000000E+00	5.870000E+18	0.000000E+00	0.000000E+00
135	6.465000E-03	4.551000E+02	1.032700E+23	0.000000E+00	0.000000E+00	5.830700E+18	0.000000E+00	0.000000E+00
136	6.475000E-03	4.547100E+02	1.023100E+23	0.000000E+00	0.000000E+00	5.790800E+18	0.000000E+00	0.000000E+00
137	6.485000E-03	4.543300E+02	1.013500E+23	0.000000E+00	0.000000E+00	5.750100E+18	0.000000E+00	0.000000E+00
138	6.495000E-03	4.539500E+02	1.003800E+23	0.000000E+00	0.000000E+00	5.708900E+18	0.000000E+00	0.000000E+00
139	6.505000E-03	4.535600E+02	9.939400E+22	0.000000E+00	0.000000E+00	5.666900E+18	0.000000E+00	0.000000E+00
140	6.515000E-03	4.531800E+02	9.840500E+22	0.000000E+00	0.000000E+00	5.624200E+18	0.000000E+00	0.000000E+00
141	6.525000E-03	4.527900E+02	9.740800E+22	0.000000E+00	0.000000E+00	5.580900E+18	0.000000E+00	0.000000E+00
142	6.535000E-03	4.524100E+02	9.640200E+22	0.000000E+00	0.000000E+00	5.536800E+18	0.000000E+00	0.000000E+00
143	6.545000E-03	4.520300E+02	9.538800E+22	0.000000E+00	0.000000E+00	5.492100E+18	0.000000E+00	0.000000E+00
144	6.555000E-03	4.516400E+02	9.436500E+22	0.000000E+00	0.000000E+00	5.446600E+18	0.000000E+00	0.000000E+00
145	6.565000E-03	4.512600E+02	9.333300E+22	0.000000E+00	0.000000E+00	5.400300E+18	0.000000E+00	0.000000E+00
146	6.575000E-03	4.508800E+02	9.229300E+22	0.000000E+00	0.000000E+00	5.353400E+18	0.000000E+00	0.000000E+00
147	6.585000E-03	4.504900E+02	9.124400E+22	0.000000E+00	0.000000E+00	5.305600E+18	0.000000E+00	0.000000E+00
148	6.595000E-03	4.501100E+02	9.018600E+22	0.000000E+00	0.000000E+00	5.257100E+18	0.000000E+00	0.000000E+00
149	6.605000E-03	4.497300E+02	8.911900E+22	0.000000E+00	0.000000E+00	5.207800E+18	0.000000E+00	0.000000E+00
150	6.615000E-03	4.493400E+02	8.804300E+22	0.000000E+00	0.000000E+00	5.157700E+18	0.000000E+00	0.000000E+00
151	6.625000E-03	4.489600E+02	8.695700E+22	0.000000E+00	0.000000E+00	5.106800E+18	0.000000E+00	0.000000E+00
152	6.635000E-03	4.485700E+02	8.586200E+22	0.000000E+00	0.000000E+00	5.055100E+18	0.000000E+00	0.000000E+00
153	6.645000E-03	4.481900E+02	8.475800E+22	0.000000E+00	0.000000E+00	5.002600E+18	0.000000E+00	0.000000E+00
154	6.655000E-03	4.478100E+02	8.364500E+22	0.000000E+00	0.000000E+00	4.949300E+18	0.000000E+00	0.000000E+00
155	6.665000E-03	4.474200E+02	8.252100E+22	0.000000E+00	0.000000E+00	4.895100E+18	0.000000E+00	0.000000E+00
156	6.675000E-03	4.470400E+02	8.138900E+22	0.000000E+00	0.000000E+00	4.840000E+18	0.000000E+00	0.000000E+00
157	6.685000E-03	4.466600E+02	8.024600E+22	0.000000E+00	0.000000E+00	4.784100E+18	0.000000E+00	0.000000E+00
158	6.695000E-03	4.462700E+02	7.909300E+22	0.000000E+00	0.000000E+00	4.727200E+18	0.000000E+00	0.000000E+00
159	6.705000E-03	4.458900E+02	7.793100E+22	0.000000E+00	0.000000E+00	4.669500E+18	0.000000E+00	0.000000E+00
160	6.715000E-03	4.455100E+02	7.675800E+22	0.000000E+00	0.000000E+00	4.610900E+18	0.000000E+00	0.000000E+00
161	6.725000E-03	4.451300E+02	7.557500E+22	0.000000E+00	0.000000E+00	4.551400E+18	0.000000E+00	0.000000E+00
162	6.735000E-03	4.447400E+02	7.438200E+22	0.000000E+00	0.000000E+00	4.490900E+18	0.000000E+00	0.000000E+00
163	6.745000E-03	4.443600E+02	7.317900E+22	0.000000E+00	0.000000E+00	4.429400E+18	0.000000E+00	0.000000E+00
164	6.755000E-03	4.439800E+02	7.196400E+22	0.000000E+00	0.000000E+00	4.367100E+18	0.000000E+00	0.000000E+00
165	6.765000E-03	4.435900E+02	7.074000E+22	0.000000E+00	0.000000E+00	4.303700E+18	0.000000E+00	0.000000E+00
166	6.775000E-03	4.432100E+02	6.950400E+22	0.000000E+00	0.000000E+00	4.239300E+18	0.000000E+00	0.000000E+00
167	6.785000E-03	4.428300E+02	6.825800E+22	0.000000E+00	0.000000E+00	4.174000E+18	0.000000E+00	0.000000E+00
168	6.795000E-03	4.424400E+02	6.700100E+22	0.000000E+00	0.000000E+00	4.107600E+18	0.000000E+00	0.000000E+00
169	6.805000E-03	4.420600E+02	6.573200E+22	0.000000E+00	0.000000E+00	4.040200E+18	0.000000E+00	0.000000E+00
170	6.815000E-03	4.416800E+02	6.445300E+22	0.000000E+00	0.000000E+00	3.971700E+18	0.000000E+00	0.000000E+00
171	6.825000E-03	4.412900E+02	6.316200E+22	0.000000E+00	0.000000E+00	3.902200E+18	0.000000E+00	0.000000E+00
172	6.835000E-03	4.409100E+02	6.186000E+22	0.000000E+00	0.000000E+00	3.831600E+18	0.000000E+00	0.000000E+00
173	6.845000E-03	4.405300E+02	6.054600E+22	0.000000E+00	0.000000E+00	3.759900E+18	0.000000E+00	0.000000E+00
174	6.855000E-03	4.401500E+02	5.922000E+22	0.000000E+00	0.000000E+00	3.687200E+18	0.000000E+00	0.000000E+00
175	6.865000E-03	4.397600E+02	5.788300E+22	0.000000E+00	0.000000E+00	3.613200E+18	0.000000E+00	0.000000E+00
176	6.875000E-03	4.393800E+02	5.653300E+22	0.000000E+00	0.000000E+00	3.538200E+18	0.000000E+00	0.000000E+00
177	6.885000E-03	4.390000E+02	5.517200E+22	0.000000E+00	0.000000E+00	3.462000E+18	0.000000E+00	0.000000E+00
178	6.895000E-03	4.386100E+02	5.379900E+22	0.000000E+00	0.000000E+00	3.384600E+18	0.000000E+00	0.000000E+00
179	6.905000E-03	4.382300E+02	5.241300E+22	0.000000E+00	0.000000E+00	3.306000E+18	0.000000E+00	0.000000E+00
180	6.915000E-03	4.378500E+02	5.101500E+22	0.000000E+00	0.000000E+00	3.226200E+18	0.000000E+00	0.000000E+00
181	6.925000E-03	4.374700E+02	4.960400E+22	0.000000E+00	0.000000E+00	3.145200E+18	0.000000E+00	0.000000E+00
182	6.935000E-03	4.370800E+02	4.818000E+22	0.000000E+00	0.000000E+00	3.063000E+18	0.000000E+00	0.000000E+00
183	6.945000E-03	4.367000E+02	4.674400E+22	0.000000E+00	0.000000E+00	2.979500E+18	0.000000E+00	0.000000E+00
184	6.955000E-03	4.363200E+02	4.529400E+22	0.000000E+00	0.000000E+00	2.894700E+18	0.000000E+00	0.000000E+00
185	6.965000E-03	4.359400E+02	4.383200E+22	0.000000E+00	0.000000E+00	2.808600E+18	0.000000E+00	0.000000E+00
186	6.975000E-03	4.355500E+02	4.235600E+22	0.000000E+00	0.000000E+00	2.721200E+18	0.000000E+00	0.000000E+00
187	6.985000E-03	4.351700E+02	4.086700E+22	0.000000E+00	0.000000E+00	2.632500E+18	0.000000E+00	0.000000E+00
188	6.995000E-03	4.347900E+02	3.936400E+22	0.000000E+00	0.000000E+00	2.542400E+18	0.000000E+00	0.000000E+00
189	7.000000E-03	4.346000E+02	3.860800E+22	0.000000E+00	0.000000E+00	0.000000E+00	0.000000E+00	0.000000E+00
190	7.000000E-03	4.345800E+02	7.319400E+23	0.000000E+00	0.000000E+00	0.000000E+00	0.000000E+00	0.000000E+00
191	7.007500E-03	4.342800E+02	7.275400E+23	0.000000E+00	0.000000E+00	0.000000E+00	1.224200E+19	6.176200E+25
192	7.022500E-03	4.336600E+02	7.187100E+23	0.000000E+00	0.000000E+00	0.000000E+00	1.213100E+19	6.196100E+25
193	7.037500E-03	4.330400E+02	7.098000E+23	0.000000E+00	0.000000E+00	0.000000E+00	1.201800E+19	6.214800E+25
194	7.052500E-03	4.324300E+02	7.008300E+23	0.000000E+00	0.000000E+00	0.000000E+00	1.190400E+19	6.232300E+25
195	7.067500E-03	4.318100E+02	6.917900E+23	0.000000E+00	0.000000E+00	0.000000E+00	1.178700E+19	6.248600E+25
196	7.082500E-03	4.311900E+02	6.826800E+23	0.000000E+00	0.000000E+00	0.000000E+00	1.166800E+19	6.263600E+25
197	7.097500E-03	4.305800E+02	6.735000E+23	0.000000E+00	0.000000E+00	0.000000E+00	1.154800E+19	6.277300E+25
198	7.112500E-03	4.299600E+02	6.642500E+23	0.000000E+00	0.000000E+00	0.000000E+00	1.142500E+19	6.289500E+25
199	7.127500E-03	4.293500E+02	6.549400E+23	0.000000E+00	0.000000E+00	0.000000E+00	1.130100E+19	6.300300E+25
200	7.142500E-03	4.287300E+02	6.455600E+23	0.000000E+00	0.000000E+00	0.000000E+00	1.117500E+19	6.309600E+25
201	7.157500E-03	4.281100E+02	6.361200E+23	0.000000E+00	0.000000E+00	0.000000E+00	1.104700E+19	6.317300E+25
202	7.172500E-03	4.275000E+02	6.266200E+23	0.000000E+00	0.000000E+00	0.000000E+00	1.091600E+19	6.323400E+25
203	7.187500E-03	4.268800E+02	6.170500E+23	0.000000E+00	0.000000E+00	0.000000E+00	1.078400E+19	6.327800E+25
204	7.202500E-03	4.262700E+02	6.074300E+23	0.000000E+00	0.000000E+00	0.000000E+00	1.065000E+19	6.330500E+25
205	7.217500E-03	4.256500E+02	5.977500E+23	0.000000E+00	0.000000E+00	0.000000E+00	1.051500E+19	6.331400E+25
206	7.232500E-03	4.250300E+02	5.880100E+23	0.000000E+00	0.000000E+00	0.000000E+00	1.037700E+19	6.330500E+25
207	7.247500E-03	4.244200E+02	5.782200E+23	0.000000E+00	0.000000E+00	0.000000E+00	1.023700E+19	6.327700E+25
208	7.262500E-03	4.238000E+02	5.683800E+23	0.000000E+00	0.000000E+00	0.000000E+00	1.009600E+19	6.322900E+25
209	7.277500E-03	4.231900E+02	5.584900E+23	0.000000E+00	0.000000E+00	0.000000E+00	9.952500E+18	6.316000E+25
210	7.292500E-03	4.225700E+02	5.485400E+23	0.000000E+00	0.000000E+00	0.000000E+00	9.807400E+18	6.307100E+25
211	7.307500E-03	4.219500E+02	5.385600E+23	0.000000E+00	0.000000E+00	0.000000E+00	9.660500E+18	6.296000E+25
212	7.322500E-03	4.213400E+02	5.285300E+23	0.000000E+00	0.000000E+00	0.000000E+00	9.511900E+18	6.282800E+25
213	7.337500E-03	4.207200E+02	5.184600E+23	0.000000E+00	0.000000E+00	0.000000E+00	9.361600E+18	6.267200E+25
214	7.352500E-03	4.201100E+02	5.083600E+23	0.000000E+00	0.000000E+00	0.000000E+00	9.209600E+18	6.249400E+25
215	7.367500E-03	4.194900E+02	4.982200E+23	0.000000E+00	0.000000E+00	0.000000E+00	9.055900E+18	6.229100E+25
216	7.382500E-03	4.188700E+02	4.880500E+23	0.000000E+00	0.000000E+00	0.000000E+00	8.900700E+18	6.206400E+25
217	7.397500E-03	4.182600E+02	4.778500E+23	0.000000E+00	0.000000E+00	0.000000E+00	8.743900E+18	6.181200E+25
218	7.412500E-03	4.176400E+02	4.676200E+23	0.000000E+00	0.000000E+00	0.000000E+00	8.585500E+18	6.153500E+25
219	7.427500E-03	4.170300E+02	4.573800E+23	0.000000E+00	0.000000E+00	0.000000E+00	8.425700E+18	6.123100E+25
220	7.442500E-03	4.164100E+02	4.471100E+23	0.000000E+00	0.000000E+00	0.000000E+00	8.264500E+18	6.090100E+25
221	7.457500E-03	4.157900E+02	4.368400E+23	0.000000E+00	0.000000E+00	0.000000E+00	8.101900E+18	6.054300E+25
222	7.472500E-03	4.151800E+02	4.265500E+23	0.000000E+00	0.000000E+00	0.000000E+00	7.938000E+18	6.015700E+25
223	7.487500E-03	4.145600E+02	4.162700E+23	0.000000E+00	0.000000E+00	0.000000E+00	7.772900E+18	5.974300E+25
224	7.502500E-03	4.139500E+02	4.059800E+23	0.000000E+00	0.000000E+00	0.000000E+00	7.606700E+18	5.930100E+25
225	7.517500E-03	4.133300E+02	3.956900E+23	0.000000E+00	0.000000E+00	0.000000E+00	7.439400E+18	5.882900E+25
226	7.532500E-03	4.127100E+02	3.854100E+23	0.000000E+00	0.000000E+00	0.000000E+00	7.271100E+18	5.832800E+25
227	7.547500E-03	4.121000E+02	3.751500E+23	0.000000E+00	0.000000E+00	0.000000E+00	7.101900E+18	5.779700E+25
228	7.562500E-03	4.114800E+02	3.649100E+23	0.000000E+00	0.000000E+00	0.000000E+00	6.931900E+18	5.723500E+25
229	7.577500E-03	4.108700E+02	3.546900E+23	0.000000E+00	0.000000E+00	0.000000E+00	6.761200E+18	5.664300E+25
230	7.592500E-03	4.102500E+02	3.445000E+23	0.000000E+00	0.000000E+00	0.000000E+00	6.589800E+18	5.602000E+25
231	7.607500E-03	4.096300E+02	3.343500E+23	0.000000E+00	0.000000E+00	0.000000E+00	6.418000E+18	5.536600E+25
232	7.622500E-03	4.090200E+02	3.242400E+23	0.000000E+00	0.000000E+00	0.000000E+00	6.245700E+18	5.468100E+25
233	7.637500E-03	4.084000E+02	3.141800E+23	0.000000E+00	0.000000E+00	0.000000E+00	6.073100E+18	5.396400E+25
234	7.652500E-03	4.077900E+02	3.041700E+23	0.000000E+00	0.000000E+00	0.000000E+00	5.900400E+18	5.321700E+25
235	7.667500E-03	4.071700E+02	2.942200E+23	0.000000E+00	0.000000E+00	0.000000E+00	5.727600E+18	5.243800E+25
236	7.682500E-03	4.065500E+02	2.843500E+23	0.000000E+00	0.000000E+00	0.000000E+00	5.554900E+18	5.162800E+25
237	7.697500E-03	4.059400E+02	2.745400E+23	0.000000E+00	0.000000E+00	0.000000E+00	5.382400E+18	5.078700E+25
238	7.712500E-03	4.053200E+02	2.648100E+23	0.000000E+00	0.000000E+00	0.000000E+00	5.210200E+18	4.991600E+25
239	7.727500E-03	4.047100E+02	2.551800E+23	0.000000E+00	0.000000E+00	0.000000E+00	5.038600E+18	4.901400E+25
240	7.742500E-03	4.040900E+02	2.456400E+23	0.000000E+00	0.000000E+00	0.000000E+00	4.867600E+18	4.808300E+25
241	7.757500E-03	4.034800E+02	2.362000E+23	0.000000E+00	0.000000E+00	0.000000E+00	4.697400E+18	4.712200E+25
242	7.772500E-03	4.028600E+02	2.268700E+23	0.000000E+00	0.000000E+00	0.000000E+00	4.528100E+18	4.613300E+25
243	7.787500E-03	4.022400E+02	2.176600E+23	0.000000E+00	0.000000E+00	0.000000E+00	4.360000E+18	4.511700E+25
244	7.802500E-03	4.016300E+02	2.085700E+23	0.000000E+00	0.000000E+00	0.000000E+00	4.193100E+18	4.407300E+25
245	7.817500E-03	4.010100E+02	1.996100E+23	0.000000E+00	0.000000E+00	0.000000E+00	4.027700E+18	4.300400E+25
246	7.832500E-03	4.004000E+02	1.908000E+23	0.000000E+00	0.000000E+00	0.000000E+00	3.863800E+18	4.191000E+25
247	7.847500E-03	3.997800E+02	1.821300E+23	0.000000E+00	0.000000E+00	0.000000E+00	3.701800E+18	4.079300E+25
248	7.862500E-03	3.991700E+02	1.736100E+23	0.000000E+00	0.000000E+00	0.000000E+00	3.541700E+18	3.965400E+25
249	7.877500E-03	3.985500E+02	1.652600E+23	0.000000E+00	0.000000E+00	0.000000E+00	3.383700E+18	3.849500E+25
250	7.892500E-03	3.979300E+02	1.570700E+23	0.000000E+00	0.000000E+00	0.000000E+00	3.228000E+18	3.731700E+25
251	7.907500E-03	3.973200E+02	1.490600E+23	0.000000E+00	0.000000E+00	0.000000E+00	3.074800E+18	3.612200E+25
252	7.922500E-03	3.967000E+02	1.412400E+23	0.000000E+00	0.000000E+00	0.000000E+00	2.924200E+18	3.491300E+25
253	7.937500E-03	3.960900E+02	1.336000E+23	0.000000E+00	0.000000E+00	0.000000E+00	2.776400E+18	3.369000E+25
254	7.952500E-03	3.954700E+02	1.261600E+23	0.000000E+00	0.000000E+00	0.000000E+00	2.631600E+18	3.245700E+25
255	7.967500E-03	3.948500E+02	1.189300E+23	0.000000E+00	0.000000E+00	0.000000E+00	2.490000E+18	3.121500E+25
256	7.982500E-03	3.942400E+02	1.119000E+23	0.000000E+00	0.000000E+00	0.000000E+00	2.351700E+18	2.996700E+25
257	7.997500E-03	3.936200E+02	1.050800E+23	0.000000E+00	0.000000E+00	0.000000E+00	2.216800E+18	2.871600E+25
258	8.012500E-03	3.930100E+02	9.848600E+22	0.000000E+00	0.000000E+00	0.000000E+00	2.085500E+18	2.746400E+25
259	8.027500E-03	3.923900E+02	9.211400E+22	0.000000E+00	0.000000E+00	0.000000E+00	1.958000E+18	2.621400E+25
260	8.042500E-03	3.917800E+02	8.597000E+22	0.000000E+00	0.000000E+00	0.000000E+00	1.834400E+18	2.496800E+25
261	8.057500E-03	3.911600E+02	8.005800E+22	0.000000E+00	0.000000E+00	0.000000E+00	1.714800E+18	2.373100E+25
262	8.072500E-03	3.905400E+02	7.438000E+22	0.000000E+00	0.000000E+00	0.000000E+00	1.599300E+18	2.250300E+25
263	8.087500E-03	3.899300E+02	6.894100E+22	0.000000E+00	0.000000E+00	0.000000E+00	1.488000E+18	2.128900E+25
264	8.102500E-03	3.893100E+02	6.374000E+22	0.000000E+00	0.000000E+00	0.000000E+00	1.381100E+18	2.009200E+25
265	8.117500E-03	3.887000E+02	5.878000E+22	0.000000E+00	0.000000E+00	0.000000E+00	1.278500E+18	1.891400E+25
266	8.132500E-03	3.880800E+02	5.406200E+22	0.000000E+00	0.000000E+00	0.000000E+00	1.180500E+18	1.775800E+25
267	8.147500E-03	3.874700E+02	4.958400E+22	0.000000E+00	0.000000E+00	0.000000E+00	1.086900E+18	1.662700E+25
268	8.162500E-03	3.868500E+02	4.534800E+22	0.000000E+00	0.000000E+00	0.000000E+00	9.979600E+17	1.552500E+25
269	8.177500E-03	3.862400E+02	4.135000E+22	0.000000E+00	0.000000E+00	0.000000E+00	9.135500E+17	1.445200E+25
270	8.192500E-03	3.856200E+02	3.758900E+22	0.000000E+00	0.000000E+00	0.000000E+00	8.337300E+17	1.341300E+25
271	8.207500E-03	3.850000E+02	3.406100E+22	0.000000E+00	0.000000E+00	0.000000E+00	7.584700E+17	1.241000E+25
272	8.222500E-03	3.843900E+02	3.076400E+22	0.000000E+00	0.000000E+00	0.000000E+00	6.877700E+17	1.144400E+25
273	8.237500E-03	3.837700E+02	2.769300E+22	0.000000E+00	0.000000E+00	0.000000E+00	6.215800E+17	1.051900E+25
274	8.252500E-03	3.831600E+02	2.484300E+22	0.000000E+00	0.000000E+00	0.000000E+00	5.598400E+17	9.635100E+24
275	8.267500E-03	3.825400E+02	2.220900E+22	0.000000E+00	0.000000E+00	0.000000E+00	5.024700E+17	8.795100E+24
276	8.282500E-03	3.819300E+02	1.978400E+22	0.000000E+00	0.000000E+00	0.000000E+00	4.494100E+17	8.000300E+24
277	8.297500E-03	3.813100E+02	1.756200E+22	0.000000E+00	0.000000E+00	0.000000E+00	4.005400E+17	7.251900E+24
278	8.312500E-03	3.806900E+02	1.553700E+22	0.000000E+00	0.000000E+00	0.000000E+00	3.557800E+17	6.551200E+24
279	8.327500E-03	3.800800E+02	1.370000E+22	0.000000E+00	0.000000E+00	0.000000E+00	3.149900E+17	5.899100E+24
280	8.342500E-03	3.794600E+02	1.204500E+22	0.000000E+00	0.000000E+00	0.000000E+00	2.780700E+17	5.296400E+24
281	8.357500E-03	3.788500E+02	1.056500E+22	0.000000E+00	0.000000E+00	0.000000E+00	2.448900E+17	4.744000E+24
282	8.372500E-03	3.782300E+02	9.251700E+21	0.000000E+00	0.000000E+00	0.000000E+00	2.153300E+17	4.242500E+24
283	8.387500E-03	3.776200E+02	8.098900E+21	0.000000E+00	0.000000E+00	0.000000E+00	1.892700E+17	3.792800E+24
284	8.402500E-03	3.770000E+02	7.100200E+21	0.000000E+00	0.000000E+00	0.000000E+00	1.666100E+17	3.395700E+24
285	8.417500E-03	3.763900E+02	6.249700E+21	0.000000E+00	0.000000E+00	0.000000E+00	1.472600E+17	3.052600E+24
286	8.432500E-03	3.757700E+02	5.542800E+21	0.000000E+00	0.000000E+00	0.000000E+00	1.311500E+17	2.765000E+24
287	8.447500E-03	3.751500E+02	4.976200E+21	0.000000E+00	0.000000E+00	0.000000E+00	1.182300E+17	2.535200E+24
288	8.462500E-03	3.745400E+02	4.548100E+21	0.000000E+00	0.000000E+00	0.000000E+00	1.085100E+17	2.366500E+24
289	8.477500E-03	3.739200E+02	4.258800E+21	0.000000E+00	0.000000E+00	0.000000E+00	1.020300E+17	2.263200E+24
290	8.492500E-03	3.733100E+02	4.111200E+21	0.000000E+00	0.000000E+00	0.000000E+00	9.891100E+16	2.231300E+24
291	8.500000E-03	3.730000E+02	4.111200E+21	0.000000E+00	0.000000E+00	0.000000E+00	0.000000E+00	0.000000E+00
