Problem Time = 9.9100E+07 sec. Time Step = 1.0000E+03 sec. Iterations =    1
 Diffusion Segment (  1)  
      Segment Iterations=   0 Left Enclosure =   1 Right Segment =   2
   Segment Temperatures (K)
       1.2000E+03 1.2000E+03 1.2000E+03 1.2000E+03 1.2000E+03 1.2000E+03
       1.2000E+03 1.2000E+03 1.2000E+03 1.2000E+03 1.2000E+03 1.2000E+03
       1.2000E+03 1.2000E+03 1.2000E+03 1.2000E+03 1.2000E+03 1.2000E+03
       1.2000E+03 1.2000E+03 1.2000E+03 1.2000E+03 1.2000E+03 1.1999E+03
       1.1999E+03 1.1999E+03 1.1999E+03 1.1999E+03 1.1999E+03 1.1998E+03
       1.1998E+03 1.1998E+03 1.1997E+03 1.1997E+03 1.1995E+03 1.1994E+03
       1.1993E+03 1.1991E+03 1.1990E+03 1.1989E+03 1.1987E+03 1.1985E+03
       1.1981E+03 1.1978E+03 1.1975E+03 1.1966E+03 1.1953E+03 1.1939E+03
       1.1926E+03 1.1912E+03 1.1899E+03 1.1885E+03 1.1872E+03 1.1848E+03
       1.1815E+03 1.1781E+03 1.1747E+03 1.1596E+03 1.1329E+03 1.1064E+03
       1.0800E+03 1.0537E+03 1.0277E+03 1.0018E+03 9.7607E+02 9.5056E+02
       9.2523E+02 9.0010E+02 8.7517E+02 8.5044E+02 8.2591E+02 8.0158E+02
       7.7747E+02 7.5357E+02 7.2988E+02 7.0640E+02 6.8314E+02 6.6010E+02
       6.3727E+02 6.1466E+02 5.9227E+02 5.7009E+02 5.4814E+02 5.2640E+02
       5.0487E+02 4.8357E+02 4.7299E+02
   Diffusion Species = t       
      Mobile Concentration (number/m**3)
       5.5819E+01 1.1429E+23 1.1429E+23 1.1429E+23 1.1429E+23 1.1429E+23
       1.1429E+23 1.1429E+23 1.1429E+23 1.1429E+23 1.1429E+23 1.1429E+23
       1.1429E+23 1.1429E+23 1.1429E+23 1.1429E+23 1.1429E+23 1.1429E+23
       1.1429E+23 1.1429E+23 1.1429E+23 1.1429E+23 1.1429E+23 1.1429E+23
       1.1429E+23 1.1429E+23 1.1429E+23 1.1429E+23 1.1429E+23 1.1429E+23
       1.1429E+23 1.1429E+23 1.1429E+23 1.1429E+23 1.1429E+23 1.1428E+23
       1.1428E+23 1.1428E+23 1.1428E+23 1.1428E+23 1.1428E+23 1.1428E+23
       1.1428E+23 1.1428E+23 1.1428E+23 1.1427E+23 1.1427E+23 1.1426E+23
       1.1425E+23 1.1425E+23 1.1424E+23 1.1424E+23 1.1423E+23 1.1422E+23
       1.1420E+23 1.1419E+23 1.1417E+23 1.1409E+23 1.1395E+23 1.1379E+23
       1.1362E+23 1.1343E+23 1.1321E+23 1.1298E+23 1.1271E+23 1.1240E+23
       1.1206E+23 1.1167E+23 1.1122E+23 1.1069E+23 1.1008E+23 1.0936E+23
       1.0851E+23 1.0750E+23 1.0627E+23 1.0477E+23 1.0291E+23 1.0060E+23
       9.7655E+22 9.3872E+22 8.8923E+22 8.2336E+22 7.3392E+22 6.0984E+22
       4.3354E+22 1.7635E+22 1.2050E+18
      Mobile inventory =  5.9764E+20 number/m**2
      Flux (number/s-m**2):  Left = -5.0000E+23  Right =  3.2860E+15
      Trapped Atom Concentration (number/m**3)
        Trap  1
       0.0000E+00 4.0300E+22 4.0301E+22 4.0301E+22 4.0301E+22 4.0301E+22
       4.0301E+22 4.0301E+22 4.0301E+22 4.0301E+22 4.0302E+22 4.0302E+22
       4.0302E+22 4.0303E+22 4.0303E+22 4.0303E+22 4.0304E+22 4.0304E+22
       4.0305E+22 4.0306E+22 4.0307E+22 4.0309E+22 4.0313E+22 4.0316E+22
       4.0320E+22 4.0323E+22 4.0327E+22 4.0330E+22 4.0334E+22 4.0340E+22
       4.0349E+22 4.0358E+22 4.0367E+22 4.0389E+22 4.0424E+22 4.0459E+22
       4.0495E+22 4.0530E+22 4.0566E+22 4.0602E+22 4.0637E+22 4.0700E+22
       4.0789E+22 4.0879E+22 4.0968E+22 4.1194E+22 4.1558E+22 4.1926E+22
       4.2298E+22 4.2674E+22 4.3054E+22 4.3438E+22 4.3827E+22 4.4516E+22
       4.5525E+22 4.6562E+22 4.7628E+22 5.2809E+22 6.3820E+22 7.7733E+22
       9.5459E+22 1.1825E+23 1.4781E+23 1.8655E+23 2.3783E+23 3.0641E+23
       3.9914E+23 5.2589E+23 7.0106E+23 9.4573E+23 1.2908E+24 1.7812E+24
       2.4817E+24 3.4816E+24 4.8964E+24 6.8557E+24 9.4645E+24 1.2726E+25
       1.6457E+25 2.0267E+25 2.3691E+25 2.6394E+25 2.8288E+25 2.9477E+25
       3.0108E+25 3.0006E+25 0.0000E+00
        Trap  2
       0.0000E+00 2.7621E+24 2.7622E+24 2.7622E+24 2.7622E+24 2.7622E+24
       2.7622E+24 2.7622E+24 2.7622E+24 2.7622E+24 2.7622E+24 2.7623E+24
       2.7623E+24 2.7623E+24 2.7624E+24 2.7624E+24 2.7624E+24 2.7625E+24
       2.7626E+24 2.7626E+24 2.7627E+24 2.7629E+24 2.7632E+24 2.7635E+24
       2.7638E+24 2.7641E+24 2.7644E+24 2.7647E+24 2.7650E+24 0.0000E+00
       0.0000E+00 0.0000E+00 0.0000E+00 0.0000E+00 0.0000E+00 0.0000E+00
       0.0000E+00 0.0000E+00 0.0000E+00 0.0000E+00 0.0000E+00 0.0000E+00
       0.0000E+00 0.0000E+00 0.0000E+00 0.0000E+00 0.0000E+00 0.0000E+00
       0.0000E+00 0.0000E+00 0.0000E+00 0.0000E+00 0.0000E+00 0.0000E+00
       0.0000E+00 0.0000E+00 0.0000E+00 0.0000E+00 0.0000E+00 0.0000E+00
       0.0000E+00 0.0000E+00 0.0000E+00 0.0000E+00 0.0000E+00 0.0000E+00
       0.0000E+00 0.0000E+00 0.0000E+00 0.0000E+00 0.0000E+00 0.0000E+00
       0.0000E+00 0.0000E+00 0.0000E+00 0.0000E+00 0.0000E+00 0.0000E+00
       0.0000E+00 0.0000E+00 0.0000E+00 0.0000E+00 0.0000E+00 0.0000E+00
       0.0000E+00 0.0000E+00 0.0000E+00
       Total Trapped Atom Inventory (number/m**2) =  5.0317E+22
 Diffusion Segment (  2)
      Segment Iterations=   0 Left Segment =   1 Right Segment =   3
   Segment Temperatures (K)
       4.7298E+02 4.7279E+02 4.7240E+02 4.7202E+02 4.7163E+02 4.7125E+02
       4.7086E+02 4.7048E+02 4.7009E+02 4.6971E+02 4.6932E+02 4.6894E+02
       4.6855E+02 4.6817E+02 4.6778E+02 4.6740E+02 4.6701E+02 4.6663E+02
       4.6624E+02 4.6586E+02 4.6547E+02 4.6509E+02 4.6470E+02 4.6432E+02
       4.6393E+02 4.6355E+02 4.6317E+02 4.6278E+02 4.6240E+02 4.6201E+02
       4.6163E+02 4.6124E+02 4.6086E+02 4.6047E+02 4.6009E+02 4.5971E+02
       4.5932E+02 4.5894E+02 4.5855E+02 4.5817E+02 4.5779E+02 4.5740E+02
       4.5702E+02 4.5663E+02 4.5625E+02 4.5587E+02 4.5548E+02 4.5510E+02
       4.5471E+02 4.5433E+02 4.5395E+02 4.5356E+02 4.5318E+02 4.5279E+02
       4.5241E+02 4.5203E+02 4.5164E+02 4.5126E+02 4.5088E+02 4.5049E+02
       4.5011E+02 4.4973E+02 4.4934E+02 4.4896E+02 4.4857E+02 4.4819E+02
       4.4781E+02 4.4742E+02 4.4704E+02 4.4666E+02 4.4627E+02 4.4589E+02
       4.4551E+02 4.4513E+02 4.4474E+02 4.4436E+02 4.4398E+02 4.4359E+02
       4.4321E+02 4.4283E+02 4.4244E+02 4.4206E+02 4.4168E+02 4.4129E+02
       4.4091E+02 4.4053E+02 4.4015E+02 4.3976E+02 4.3938E+02 4.3900E+02
       4.3861E+02 4.3823E+02 4.3785E+02 4.3747E+02 4.3708E+02 4.3670E+02
       4.3632E+02 4.3594E+02 4.3555E+02 4.3517E+02 4.3479E+02 4.3460E+02
   Diffusion Species = t       
      Mobile Concentration (number/m**3)
       1.9816E+23 1.9783E+23 1.9717E+23 1.9651E+23 1.9583E+23 1.9516E+23
       1.9448E+23 1.9379E+23 1.9309E+23 1.9240E+23 1.9169E+23 1.9098E+23
       1.9027E+23 1.8955E+23 1.8882E+23 1.8809E+23 1.8735E+23 1.8661E+23
       1.8586E+23 1.8510E+23 1.8434E+23 1.8357E+23 1.8280E+23 1.8202E+23
       1.8123E+23 1.8044E+23 1.7964E+23 1.7883E+23 1.7802E+23 1.7720E+23
       1.7638E+23 1.7555E+23 1.7471E+23 1.7386E+23 1.7301E+23 1.7215E+23
       1.7128E+23 1.7041E+23 1.6953E+23 1.6864E+23 1.6775E+23 1.6684E+23
       1.6593E+23 1.6502E+23 1.6409E+23 1.6316E+23 1.6222E+23 1.6127E+23
       1.6031E+23 1.5935E+23 1.5837E+23 1.5739E+23 1.5640E+23 1.5541E+23
       1.5440E+23 1.5339E+23 1.5236E+23 1.5133E+23 1.5029E+23 1.4924E+23
       1.4818E+23 1.4712E+23 1.4604E+23 1.4495E+23 1.4386E+23 1.4276E+23
       1.4164E+23 1.4052E+23 1.3939E+23 1.3824E+23 1.3709E+23 1.3593E+23
       1.3476E+23 1.3357E+23 1.3238E+23 1.3118E+23 1.2996E+23 1.2874E+23
       1.2750E+23 1.2626E+23 1.2500E+23 1.2373E+23 1.2245E+23 1.2116E+23
       1.1986E+23 1.1854E+23 1.1722E+23 1.1588E+23 1.1453E+23 1.1317E+23
       1.1180E+23 1.1041E+23 1.0901E+23 1.0760E+23 1.0618E+23 1.0474E+23
       1.0329E+23 1.0183E+23 1.0035E+23 9.8863E+22 9.7360E+22 9.6603E+22
      Mobile inventory =  1.5442E+20 number/m**2
      Flux (number/s-m**2):  Left =  3.2860E+15  Right =  3.2852E+15
      Trapped Atom Concentration (number/m**3)
        Trap  1
       0.0000E+00 1.0029E+19 1.0018E+19 1.0007E+19 9.9957E+18 9.9837E+18
       9.9715E+18 9.9589E+18 9.9459E+18 9.9326E+18 9.9190E+18 9.9049E+18
       9.8905E+18 9.8757E+18 9.8605E+18 9.8450E+18 9.8290E+18 9.8127E+18
       9.7959E+18 9.7788E+18 9.7612E+18 9.7432E+18 9.7248E+18 9.7059E+18
       9.6866E+18 9.6668E+18 9.6466E+18 9.6260E+18 9.6048E+18 9.5832E+18
       9.5612E+18 9.5386E+18 9.5155E+18 9.4920E+18 9.4679E+18 9.4433E+18
       9.4182E+18 9.3926E+18 9.3664E+18 9.3397E+18 9.3124E+18 9.2846E+18
       9.2562E+18 9.2272E+18 9.1976E+18 9.1675E+18 9.1367E+18 9.1054E+18
       9.0734E+18 9.0408E+18 9.0075E+18 8.9736E+18 8.9391E+18 8.9038E+18
       8.8680E+18 8.8314E+18 8.7941E+18 8.7561E+18 8.7175E+18 8.6780E+18
       8.6379E+18 8.5970E+18 8.5554E+18 8.5130E+18 8.4698E+18 8.4258E+18
       8.3810E+18 8.3354E+18 8.2890E+18 8.2417E+18 8.1936E+18 8.1447E+18
       8.0949E+18 8.0441E+18 7.9925E+18 7.9400E+18 7.8865E+18 7.8322E+18
       7.7768E+18 7.7205E+18 7.6632E+18 7.6050E+18 7.5457E+18 7.4854E+18
       7.4240E+18 7.3616E+18 7.2981E+18 7.2336E+18 7.1679E+18 7.1012E+18
       7.0333E+18 6.9642E+18 6.8940E+18 6.8226E+18 6.7500E+18 6.6762E+18
       6.6012E+18 6.5249E+18 6.4473E+18 6.3684E+18 6.2883E+18 0.0000E+00
       Total Trapped Atom Inventory (number/m**2) =  8.7124E+15
 Diffusion Segment (  3)  
      Segment Iterations=    0 Left Segment =    2 Right Enclosure =   2
   Segment Temperatures (K)
       4.3458E+02 4.3428E+02 4.3366E+02 4.3304E+02 4.3243E+02 4.3181E+02
       4.3119E+02 4.3058E+02 4.2996E+02 4.2935E+02 4.2873E+02 4.2811E+02
       4.2750E+02 4.2688E+02 4.2627E+02 4.2565E+02 4.2503E+02 4.2442E+02
       4.2380E+02 4.2319E+02 4.2257E+02 4.2195E+02 4.2134E+02 4.2072E+02
       4.2011E+02 4.1949E+02 4.1887E+02 4.1826E+02 4.1764E+02 4.1703E+02
       4.1641E+02 4.1579E+02 4.1518E+02 4.1456E+02 4.1395E+02 4.1333E+02
       4.1271E+02 4.1210E+02 4.1148E+02 4.1087E+02 4.1025E+02 4.0963E+02
       4.0902E+02 4.0840E+02 4.0779E+02 4.0717E+02 4.0655E+02 4.0594E+02
       4.0532E+02 4.0471E+02 4.0409E+02 4.0348E+02 4.0286E+02 4.0224E+02
       4.0163E+02 4.0101E+02 4.0040E+02 3.9978E+02 3.9917E+02 3.9855E+02
       3.9793E+02 3.9732E+02 3.9670E+02 3.9609E+02 3.9547E+02 3.9485E+02
       3.9424E+02 3.9362E+02 3.9301E+02 3.9239E+02 3.9178E+02 3.9116E+02
       3.9054E+02 3.8993E+02 3.8931E+02 3.8870E+02 3.8808E+02 3.8747E+02
       3.8685E+02 3.8624E+02 3.8562E+02 3.8500E+02 3.8439E+02 3.8377E+02
       3.8316E+02 3.8254E+02 3.8193E+02 3.8131E+02 3.8069E+02 3.8008E+02
       3.7946E+02 3.7885E+02 3.7823E+02 3.7762E+02 3.7700E+02 3.7639E+02
       3.7577E+02 3.7515E+02 3.7454E+02 3.7392E+02 3.7331E+02 3.7300E+02
   Diffusion Species = t       
      Mobile Concentration (number/m**3)
       1.8314E+24 1.8270E+24 1.8182E+24 1.8092E+24 1.8002E+24 1.7910E+24
       1.7817E+24 1.7723E+24 1.7628E+24 1.7532E+24 1.7435E+24 1.7337E+24
       1.7238E+24 1.7138E+24 1.7036E+24 1.6934E+24 1.6830E+24 1.6725E+24
       1.6619E+24 1.6512E+24 1.6404E+24 1.6295E+24 1.6184E+24 1.6072E+24
       1.5960E+24 1.5846E+24 1.5730E+24 1.5614E+24 1.5496E+24 1.5378E+24
       1.5258E+24 1.5137E+24 1.5015E+24 1.4891E+24 1.4767E+24 1.4641E+24
       1.4514E+24 1.4386E+24 1.4257E+24 1.4127E+24 1.3996E+24 1.3863E+24
       1.3730E+24 1.3595E+24 1.3460E+24 1.3323E+24 1.3185E+24 1.3047E+24
       1.2907E+24 1.2767E+24 1.2626E+24 1.2483E+24 1.2340E+24 1.2197E+24
       1.2052E+24 1.1907E+24 1.1761E+24 1.1615E+24 1.1468E+24 1.1320E+24
       1.1172E+24 1.1024E+24 1.0876E+24 1.0727E+24 1.0579E+24 1.0430E+24
       1.0282E+24 1.0134E+24 9.9857E+23 9.8383E+23 9.6914E+23 9.5453E+23
       9.4000E+23 9.2558E+23 9.1127E+23 8.9710E+23 8.8309E+23 8.6925E+23
       8.5560E+23 8.4217E+23 8.2898E+23 8.1605E+23 8.0341E+23 7.9109E+23
       7.7912E+23 7.6752E+23 7.5633E+23 7.4559E+23 7.3532E+23 7.2557E+23
       7.1636E+23 7.0775E+23 6.9979E+23 6.9250E+23 6.8594E+23 6.8016E+23
       6.7520E+23 6.7112E+23 6.6798E+23 6.6583E+23 6.6472E+23 6.6472E+23
      Mobile inventory =  1.8583E+21 number/m**2
      Flux (number/s-m**2):  Left =  3.2852E+15  Right =  3.0885E+08
      Trapped Atom Concentration (number/m**3)
        Trap  1
       0.0000E+00 3.0743E+19 3.0689E+19 3.0633E+19 3.0575E+19 3.0515E+19
       3.0453E+19 3.0388E+19 3.0321E+19 3.0252E+19 3.0180E+19 3.0107E+19
       3.0030E+19 2.9952E+19 2.9870E+19 2.9786E+19 2.9700E+19 2.9611E+19
       2.9520E+19 2.9425E+19 2.9328E+19 2.9229E+19 2.9126E+19 2.9021E+19
       2.8913E+19 2.8802E+19 2.8688E+19 2.8571E+19 2.8451E+19 2.8328E+19
       2.8202E+19 2.8074E+19 2.7942E+19 2.7806E+19 2.7668E+19 2.7527E+19
       2.7382E+19 2.7234E+19 2.7083E+19 2.6929E+19 2.6772E+19 2.6611E+19
       2.6447E+19 2.6280E+19 2.6109E+19 2.5936E+19 2.5759E+19 2.5578E+19
       2.5395E+19 2.5209E+19 2.5019E+19 2.4826E+19 2.4630E+19 2.4431E+19
       2.4230E+19 2.4025E+19 2.3817E+19 2.3607E+19 2.3394E+19 2.3178E+19
       2.2960E+19 2.2740E+19 2.2517E+19 2.2293E+19 2.2066E+19 2.1838E+19
       2.1609E+19 2.1377E+19 2.1145E+19 2.0912E+19 2.0679E+19 2.0445E+19
       2.0211E+19 1.9978E+19 1.9745E+19 1.9513E+19 1.9283E+19 1.9055E+19
       1.8829E+19 1.8606E+19 1.8387E+19 1.8172E+19 1.7961E+19 1.7756E+19
       1.7557E+19 1.7365E+19 1.7180E+19 1.7005E+19 1.6838E+19 1.6682E+19
       1.6538E+19 1.6405E+19 1.6287E+19 1.6184E+19 1.6096E+19 1.6027E+19
       1.5976E+19 1.5946E+19 1.5937E+19 1.5952E+19 1.5993E+19 0.0000E+00
        Trap  2
       0.0000E+00 1.4237E+26 1.4370E+26 1.4503E+26 1.4638E+26 1.4772E+26
       1.4907E+26 1.5043E+26 1.5179E+26 1.5315E+26 1.5452E+26 1.5590E+26
       1.5727E+26 1.5865E+26 1.6003E+26 1.6142E+26 1.6281E+26 1.6419E+26
       1.6558E+26 1.6697E+26 1.6836E+26 1.6975E+26 1.7114E+26 1.7253E+26
       1.7392E+26 1.7530E+26 1.7669E+26 1.7807E+26 1.7944E+26 1.8082E+26
       1.8218E+26 1.8354E+26 1.8490E+26 1.8625E+26 1.8759E+26 1.8893E+26
       1.9025E+26 1.9157E+26 1.9288E+26 1.9417E+26 1.9546E+26 1.9673E+26
       1.9800E+26 1.9925E+26 2.0048E+26 2.0170E+26 2.0291E+26 2.0409E+26
       2.0527E+26 2.0642E+26 2.0756E+26 2.0868E+26 2.0978E+26 2.1086E+26
       2.1192E+26 2.1296E+26 2.1398E+26 2.1497E+26 2.1595E+26 2.1690E+26
       2.1783E+26 2.1874E+26 2.1962E+26 2.2049E+26 2.2133E+26 2.2215E+26
       2.2295E+26 2.2372E+26 2.2448E+26 2.2522E+26 2.2595E+26 2.2665E+26
       2.2735E+26 2.2804E+26 2.2871E+26 2.2939E+26 2.3006E+26 2.3073E+26
       2.3142E+26 2.3211E+26 2.3283E+26 2.3357E+26 2.3434E+26 2.3516E+26
       2.3602E+26 2.3695E+26 2.3795E+26 2.3903E+26 2.4021E+26 2.4150E+26
       2.4292E+26 2.4448E+26 2.4621E+26 2.4812E+26 2.5023E+26 2.5257E+26
       2.5516E+26 2.5802E+26 2.6119E+26 2.6468E+26 2.6854E+26 0.0000E+00
       Total Trapped Atom Inventory (number/m**2) =  3.0549E+23
 Enclosure (  1) - Boundary          Temperature (K) =  1.2000E+03
   Enclosure Species= t2g        Concentration (number/m**3)=  6.0378E+13
      Pressure (Pa)=  1.0000E-06
 Enclosure (  2) - Boundary          Temperature (K) =  3.7300E+02
   Enclosure Species= t2g        Concentration (number/m**3)=  0.0000E+00
      Pressure (Pa)=  0.0000E+00
          ****** NORMAL PROBLEM TERMINATION REACHED ******
